0 -9.303947 -3.647093E-06 -34.09962 0.7071073 0 -0.7071063 0
1 -14.30395 -4.773339E-06 -34.09894 1 0 5.374003E-07 0
2 -14.30395 -4.773339E-06 -29.09865 1 0 5.374003E-07 0
3 -14.30395 -4.773339E-06 -24.09836 1 0 5.374003E-07 0
4 -14.30395 -4.773339E-06 -19.09807 1 0 5.374003E-07 0
5 -19.30396 -5.899562E-06 -14.0975 0.7071071 0 -0.7071066 0
6 -24.30424 -5.899562E-06 -14.0975 0.7071071 0 -0.7071066 0
7 -29.30453 -5.899562E-06 -14.0975 0.7071071 0 -0.7071066 0
8 -34.30423 -7.025762E-06 -14.09722 1 0 1.500292E-07 0
9 -34.30423 -7.025762E-06 -9.096928 1 0 1.500292E-07 0
10 -34.30423 -7.025762E-06 -4.096638 1 0 1.500292E-07 0
11 -34.30423 -7.025762E-06 0.9036522 1 0 1.500292E-07 0
12 -34.30423 -7.025762E-06 5.903944 1 0 1.500292E-07 0
13 -34.30423 -7.025762E-06 10.90423 1 0 1.500292E-07 0
14 -34.30354 -8.15194E-06 15.90421 0.7071066 0 0.707107 0
15 -29.30317 -8.15194E-06 15.90421 0.7071066 0 0.707107 0
16 -24.30288 -8.15194E-06 15.90421 0.7071066 0 0.707107 0
17 -19.30259 -8.15194E-06 15.90421 0.7071066 0 0.707107 0
18 -14.30201 -9.278096E-06 20.90418 1 0 5.922309E-07 0
19 -14.30201 -9.278096E-06 25.90447 1 0 5.922309E-07 0
20 -14.30201 -9.278096E-06 30.90476 1 0 5.922309E-07 0
21 -14.30172 -1.040423E-05 35.90444 0.7071063 0 0.7071073 0
22 -9.301434 -1.040423E-05 35.90444 0.7071063 0 0.7071073 0
23 -4.301144 -1.040423E-05 35.90444 0.7071063 0 0.7071073 0
24 0.6991463 -1.040423E-05 35.90444 0.7071063 0 0.7071073 0
25 5.699436 -1.040423E-05 35.90444 0.7071063 0 0.7071073 0
26 10.69973 -1.040423E-05 35.90444 0.7071063 0 0.7071073 0
27 15.6997 -1.153034E-05 35.90372 -5.374003E-07 0 1 0
28 15.6997 -1.153034E-05 30.90339 -5.374003E-07 0 1 0
29 15.6997 -1.153034E-05 25.9031 -5.374003E-07 0 1 0
30 15.6997 -1.153034E-05 20.90281 -5.374003E-07 0 1 0
31 20.69968 -1.265643E-05 15.9022 0.7071066 0 0.7071071 0
32 25.69997 -1.265643E-05 15.9022 0.7071066 0 0.7071071 0
33 30.70026 -1.265643E-05 15.9022 0.7071066 0 0.7071071 0
34 35.69984 -1.378249E-05 15.90189 -1.500292E-07 0 1 0
35 35.69984 -1.378249E-05 10.9016 -1.500292E-07 0 1 0
36 35.69984 -1.378249E-05 5.901308 -1.500292E-07 0 1 0
37 35.69984 -1.378249E-05 0.9010181 -1.500292E-07 0 1 0
38 35.69984 -1.378249E-05 -4.099272 -1.500292E-07 0 1 0
39 35.69984 -1.378249E-05 -9.099562 -1.500292E-07 0 1 0
40 35.69912 -1.490854E-05 -14.09957 -0.707107 0 0.7071066 0
41 30.69883 -1.490854E-05 -14.09957 -0.707107 0 0.7071066 0
42 25.69854 -1.490854E-05 -14.09957 -0.707107 0 0.7071066 0
43 20.69825 -1.490854E-05 -14.09957 -0.707107 0 0.7071066 0
44 15.69765 -1.603456E-05 -19.09958 -5.922309E-07 0 1 0
45 15.69765 -1.603456E-05 -24.09987 -5.922309E-07 0 1 0
46 15.69765 -1.603456E-05 -29.10016 -5.922309E-07 0 1 0
47 15.69734 -1.716055E-05 -34.09977 -0.7071073 0 0.7071063 0
48 10.69705 -1.716055E-05 -34.09977 -0.7071073 0 0.7071063 0
49 5.696758 -1.716055E-05 -34.09977 -0.7071073 0 0.7071063 0
50 0.6964684 -1.716055E-05 -34.09977 -0.7071073 0 0.7071063 0
51 -4.303822 -1.716055E-05 -34.09977 -0.7071073 0 0.7071063 0
52 0.6966171 2.384186E-07 -29.09865 1 0 5.374003E-07 0
53 0.6966171 2.384186E-07 -24.09836 1 0 5.374003E-07 0
54 0.6966171 2.384186E-07 -19.09807 1 0 5.374003E-07 0
55 0.6966171 2.384186E-07 -14.09778 1 0 5.374003E-07 0
56 0.6966171 2.384186E-07 -9.097492 1 0 5.374003E-07 0
57 -29.30351 -3.648174E-06 0.9009056 0.7071066 0 0.707107 0
58 -24.30322 -3.648174E-06 0.9009056 0.7071066 0 0.707107 0
59 -19.30293 -3.648174E-06 0.9009056 0.7071066 0 0.707107 0
60 -14.30264 -3.648174E-06 0.9009056 0.7071066 0 0.707107 0
61 -9.302349 -3.648174E-06 0.9009056 0.7071066 0 0.707107 0
62 0.7032738 -4.773339E-06 30.89851 -5.374003E-07 0 1 0
63 0.7032738 -4.773339E-06 25.89822 -5.374003E-07 0 1 0
64 0.7032738 -4.773339E-06 20.89793 -5.374003E-07 0 1 0
65 0.7032738 -4.773339E-06 15.89764 -5.374003E-07 0 1 0
66 0.7032738 -4.773339E-06 10.89735 -5.374003E-07 0 1 0
67 30.69853 -4.773339E-06 0.8966026 0.7071073 0 -0.7071064 0
68 25.69824 -4.773339E-06 0.8966026 0.7071073 0 -0.7071064 0
69 20.69795 -4.773339E-06 0.8966026 0.7071073 0 -0.7071064 0
70 15.69766 -4.773339E-06 0.8966026 0.7071073 0 -0.7071064 0
71 10.69737 -4.773339E-06 0.8966026 0.7071073 0 -0.7071064 0